key1 key2 current-time capacity load life-time deleted?
 5 4 0 1 0 -1 0 
 17 4 0 1 1 0.32911452373156913 0 
 19 17 0 1 0 -1 0 
 16 9 0 1 0 -1 0 
 7 18 0 1 0 -1 0 
 4 15 0 1 0 -1 0 
 12 10 0 1 0 -1 0 
 8 3 0 1 1 3.3060986145946276 0 
 16 2 0 1 0 -1 0 
 14 20 0 1 2 0.7333761000017754 0 
 10 1 0 1 2 0.7812926242417001 0 
 20 11 0 1 0 -1 0 
 8 20 0 1 0 -1 0 
 4 6 0 1 0 -1 0 
 15 9 0 1 0 -1 0 
 5 2 0 1 0 -1 0 
 5 7 0 1 0 -1 0 
 19 18 0 1 1 2.7216901273570433 0 
 19 7 0 1 0 -1 0 
 14 4 0 1 0 -1 0 
 20 1 0 1 0 -1 0 
 19 11 0 1 0 -1 0 
 17 2 0 1 0 -1 0 
 8 17 0 1 1 1.9262367706098749 0 
 15 6 0 1 0 -1 0 
 14 16 0 1 0 -1 0 
 13 9 0 1 0 -1 0 
 1 11 0 1 0 -1 0 
 17 11 0 1 0 -1 0 
 12 13 0 1 1 1.2999675146698244 0 
 17 1 0 1 1 0.24098165515127246 0 
 3 7 0 1 0 -1 0 
 4 18 0 1 1 0.2808725159888825 0 
 4 7 0 1 1 0.1746784095454215 0 
 10 6 0 1 0 -1 0 
 16 1 0 1 0 -1 0 
 1 18 0 1 2 0.170236674500422 0 
 14 12 0 1 0 -1 0 
 8 2 0 1 1 3.3264449605305617 0 
 10 11 0 1 0 -1 0 
 14 13 0 1 0 -1 0 
 4 3 0 1 0 -1 0 
 8 19 0 1 1 0.34393185994164216 0 
 15 18 0 1 0 -1 0 
 12 1 0 1 0 -1 0 
 16 6 0 1 0 -1 0 
 14 10 0 1 0 -1 0 
 15 1 0 1 1 0.5960044986717276 0 
 16 13 0 1 0 -1 0 
 12 4 0 1 0 -1 0 
 1 18 0.170236674500422 1 2 0 1 
 14 20 0.170236674500422 1 2 0.026886289282809728 0 
 19 18 0.170236674500422 1 2 1.1927816209290472 0 
 15 18 0.170236674500422 1 0 -1 0 
 1 11 0.170236674500422 1 0 -1 0 
 8 2 0.170236674500422 1 0 -1 0 
 14 12 0.170236674500422 1 0 -1 0 
 4 6 0.170236674500422 1 0 -1 0 
 19 7 0.170236674500422 1 0 -1 0 
 10 11 0.170236674500422 1 0 -1 0 
 15 6 0.170236674500422 1 0 -1 0 
 12 1 0.170236674500422 1 0 -1 0 
 19 11 0.170236674500422 1 0 -1 0 
 10 1 0.170236674500422 1 2 0.03545738688214938 0 
 8 17 0.170236674500422 1 0 -1 0 
 8 19 0.170236674500422 1 0 -1 0 
 15 9 0.170236674500422 1 0 -1 0 
 12 13 0.170236674500422 1 0 -1 0 
 14 4 0.170236674500422 1 2 0.18429728936036177 0 
 16 2 0.170236674500422 1 1 0.4068141296486046 0 
 5 4 0.170236674500422 1 0 -1 0 
 17 1 0.170236674500422 1 2 0.04419529643978734 0 
 3 7 0.170236674500422 1 0 -1 0 
 5 7 0.170236674500422 1 0 -1 0 
 4 15 0.170236674500422 1 1 1.1117995787450734 0 
 13 9 0.170236674500422 1 0 -1 0 
 16 6 0.170236674500422 1 0 -1 0 
 20 11 0.170236674500422 1 0 -1 0 
 14 10 0.170236674500422 1 0 -1 0 
 10 6 0.170236674500422 1 0 -1 0 
 17 11 0.170236674500422 1 0 -1 0 
 14 13 0.170236674500422 1 0 -1 0 
 4 18 0.170236674500422 1 0 -1 0 
 8 3 0.170236674500422 1 0 -1 0 
 12 4 0.170236674500422 1 1 0.7215203079659622 0 
 17 4 0.170236674500422 1 1 1.1797485403130528 0 
 15 1 0.170236674500422 1 0 -1 0 
 12 10 0.170236674500422 1 0 -1 0 
 5 2 0.170236674500422 1 0 -1 0 
 7 18 0.170236674500422 1 0 -1 0 
 16 13 0.170236674500422 1 1 0.2642293904318795 0 
 16 1 0.170236674500422 1 0 -1 0 
 19 17 0.170236674500422 1 0 -1 0 
 17 2 0.170236674500422 1 0 -1 0 
 20 1 0.170236674500422 1 0 -1 0 
 16 9 0.170236674500422 1 0 -1 0 
 4 7 0.170236674500422 1 1 0.4660120929421076 0 
 14 16 0.170236674500422 1 0 -1 0 
 8 20 0.170236674500422 1 0 -1 0 
 4 3 0.170236674500422 1 1 1.9663135878359965 0 
 14 20 0.1971229637832317 1 2 0 1 
 19 17 0.1971229637832317 1 1 0.40722793647585465 0 
 10 11 0.1971229637832317 1 3 0.042719251500043944 0 
 15 9 0.1971229637832317 1 0 -1 0 
 8 2 0.1971229637832317 1 0 -1 0 
 14 4 0.1971229637832317 1 1 2.487420015288239 0 
 4 6 0.1971229637832317 1 0 -1 0 
 15 6 0.1971229637832317 1 0 -1 0 
 5 4 0.1971229637832317 1 0 -1 0 
 12 13 0.1971229637832317 1 1 1.232091469761915 0 
 8 19 0.1971229637832317 1 0 -1 0 
 8 20 0.1971229637832317 1 1 1.0605238291704773 0 
 12 10 0.1971229637832317 1 0 -1 0 
 17 4 0.1971229637832317 1 0 -1 0 
 20 11 0.1971229637832317 1 1 0.5863283170878699 0 
 16 2 0.1971229637832317 1 0 -1 0 
 19 18 0.1971229637832317 1 1 1.0370111990991489 0 
 16 13 0.1971229637832317 1 0 -1 0 
 16 9 0.1971229637832317 1 0 -1 0 
 10 6 0.1971229637832317 1 0 -1 0 
 16 1 0.1971229637832317 1 0 -1 0 
 12 4 0.1971229637832317 1 0 -1 0 
 4 18 0.1971229637832317 1 0 -1 0 
 14 13 0.1971229637832317 1 0 -1 0 
 4 3 0.1971229637832317 1 1 0.12004559408674959 0 
 13 9 0.1971229637832317 1 0 -1 0 
 5 7 0.1971229637832317 1 0 -1 0 
 17 1 0.1971229637832317 1 0 -1 0 
 14 16 0.1971229637832317 1 0 -1 0 
 17 11 0.1971229637832317 1 2 0.39709402366090163 0 
 14 10 0.1971229637832317 1 1 0.9227919633382806 0 
 8 17 0.1971229637832317 1 1 0.40119058019428727 0 
 17 2 0.1971229637832317 1 1 2.4078056166913657 0 
 12 1 0.1971229637832317 1 0 -1 0 
 14 12 0.1971229637832317 1 0 -1 0 
 3 7 0.1971229637832317 1 0 -1 0 
 15 18 0.1971229637832317 1 1 0.31047976615612 0 
 4 7 0.1971229637832317 1 1 0.18837804386710236 0 
 8 3 0.1971229637832317 1 0 -1 0 
 20 1 0.1971229637832317 1 0 -1 0 
 5 2 0.1971229637832317 1 0 -1 0 
 4 15 0.1971229637832317 1 0 -1 0 
 16 6 0.1971229637832317 1 0 -1 0 
 7 18 0.1971229637832317 1 0 -1 0 
 19 7 0.1971229637832317 1 0 -1 0 
 1 11 0.1971229637832317 1 0 -1 0 
 19 11 0.1971229637832317 1 2 6.728524885109996E-4 0 
 15 1 0.1971229637832317 1 0 -1 0 
 10 1 0.1971229637832317 1 0 -1 0 
 19 11 0.19779581627174272 1 2 0 1 
 15 1 0.19779581627174272 1 0 -1 0 
 7 18 0.19779581627174272 1 0 -1 0 
 16 6 0.19779581627174272 1 0 -1 0 
 14 12 0.19779581627174272 1 2 0.06214112415565385 0 
 13 9 0.19779581627174272 1 0 -1 0 
 19 18 0.19779581627174272 1 1 0.14513968259410445 0 
 8 19 0.19779581627174272 1 0 -1 0 
 20 1 0.19779581627174272 1 2 0.06772754281171622 0 
 20 11 0.19779581627174272 1 0 -1 0 
 12 13 0.19779581627174272 1 0 -1 0 
 4 15 0.19779581627174272 1 1 0.39098311222721277 0 
 17 2 0.19779581627174272 1 0 -1 0 
 1 11 0.19779581627174272 1 0 -1 0 
 15 18 0.19779581627174272 1 1 1.450626596305978 0 
 16 9 0.19779581627174272 1 0 -1 0 
 14 13 0.19779581627174272 1 0 -1 0 
 12 4 0.19779581627174272 1 1 0.2675892349961597 0 
 4 7 0.19779581627174272 1 1 0.7921222588457288 0 
 8 20 0.19779581627174272 1 0 -1 0 
 17 1 0.19779581627174272 1 2 0.0478789889517135 0 
 5 4 0.19779581627174272 1 0 -1 0 
 3 7 0.19779581627174272 1 0 -1 0 
 14 4 0.19779581627174272 1 0 -1 0 
 16 2 0.19779581627174272 1 0 -1 0 
 19 7 0.19779581627174272 1 0 -1 0 
 8 3 0.19779581627174272 1 1 0.03868111883901102 0 
 5 7 0.19779581627174272 1 0 -1 0 
 17 4 0.19779581627174272 1 2 0.04803071371993511 0 
 17 11 0.19779581627174272 1 0 -1 0 
 16 1 0.19779581627174272 1 1 1.6405318361482193 0 
 15 9 0.19779581627174272 1 0 -1 0 
 8 2 0.19779581627174272 1 1 0.14763802625703645 0 
 5 2 0.19779581627174272 1 0 -1 0 
 10 11 0.19779581627174272 1 0 -1 0 
 10 1 0.19779581627174272 1 1 1.1148552528106053 0 
 10 6 0.19779581627174272 1 1 0.029401909126801812 0 
 14 10 0.19779581627174272 1 0 -1 0 
 19 17 0.19779581627174272 1 1 0.1894099886966745 0 
 8 17 0.19779581627174272 1 0 -1 0 
 15 6 0.19779581627174272 1 1 2.868949085949117 0 
 12 10 0.19779581627174272 1 0 -1 0 
 14 16 0.19779581627174272 1 0 -1 0 
 4 18 0.19779581627174272 1 0 -1 0 
 4 3 0.19779581627174272 1 0 -1 0 
 12 1 0.19779581627174272 1 2 0.7108417222730296 0 
 4 6 0.19779581627174272 1 0 -1 0 
 16 13 0.19779581627174272 1 1 0.5388687632305008 0 
 10 6 0.22719772539854455 1 1 0 1 
 17 2 0.22719772539854455 1 0 -1 0 
 4 7 0.22719772539854455 1 0 -1 0 
 14 10 0.22719772539854455 1 2 1.5667995510962642 0 
 16 6 0.22719772539854455 1 0 -1 0 
 16 1 0.22719772539854455 1 0 -1 0 
 3 7 0.22719772539854455 1 0 -1 0 
 14 16 0.22719772539854455 1 0 -1 0 
 4 18 0.22719772539854455 1 0 -1 0 
 17 4 0.22719772539854455 1 0 -1 0 
 17 1 0.22719772539854455 1 0 -1 0 
 19 18 0.22719772539854455 1 1 1.3251044449074951 0 
 12 10 0.22719772539854455 1 0 -1 0 
 20 11 0.22719772539854455 1 0 -1 0 
 4 15 0.22719772539854455 1 1 0.9209827710565868 0 
 12 13 0.22719772539854455 1 0 -1 0 
 10 1 0.22719772539854455 1 0 -1 0 
 8 2 0.22719772539854455 1 0 -1 0 
 19 7 0.22719772539854455 1 0 -1 0 
 14 12 0.22719772539854455 1 0 -1 0 
 14 13 0.22719772539854455 1 0 -1 0 
 8 19 0.22719772539854455 1 1 0.8365060003622724 0 
 16 9 0.22719772539854455 1 0 -1 0 
 15 9 0.22719772539854455 1 0 -1 0 
 15 1 0.22719772539854455 1 0 -1 0 
 12 1 0.22719772539854455 1 0 -1 0 
 5 4 0.22719772539854455 1 0 -1 0 
 14 4 0.22719772539854455 1 0 -1 0 
 8 3 0.22719772539854455 1 0 -1 0 
 7 18 0.22719772539854455 1 1 0.5519765185523129 0 
 5 2 0.22719772539854455 1 0 -1 0 
 8 17 0.22719772539854455 1 1 0.047913104979303345 0 
 16 2 0.22719772539854455 1 1 1.0798588562722649 0 
 4 6 0.22719772539854455 1 0 -1 0 
 8 20 0.22719772539854455 1 2 0.056944481947193294 0 
 16 13 0.22719772539854455 1 1 0.883141408948341 0 
 5 7 0.22719772539854455 1 0 -1 0 
 4 3 0.22719772539854455 1 1 2.095879832735062 0 
 15 18 0.22719772539854455 1 0 -1 0 
 19 17 0.22719772539854455 1 2 0.5735035189522095 0 
 13 9 0.22719772539854455 1 0 -1 0 
 12 4 0.22719772539854455 1 1 0.24624262039009212 0 
 17 11 0.22719772539854455 1 0 -1 0 
 10 11 0.22719772539854455 1 0 -1 0 
 15 6 0.22719772539854455 1 0 -1 0 
 20 1 0.22719772539854455 1 0 -1 0 
 1 11 0.22719772539854455 1 0 -1 0 
 8 17 0.2751108303778479 1 1 0 1 
 19 18 0.2751108303778479 1 1 0.3197554392336589 0 
 10 11 0.2751108303778479 1 1 1.6029547389619567 0 
 15 1 0.2751108303778479 1 1 0.4800880142950822 0 
 15 9 0.2751108303778479 1 0 -1 0 
 14 4 0.2751108303778479 1 2 0.16606401552595568 0 
 12 1 0.2751108303778479 1 0 -1 0 
 8 20 0.2751108303778479 1 0 -1 0 
 12 4 0.2751108303778479 1 2 0.9499181151552316 0 
 8 19 0.2751108303778479 1 1 0.3242183885843934 0 
 8 3 0.2751108303778479 1 0 -1 0 
 17 4 0.2751108303778479 1 0 -1 0 
 15 6 0.2751108303778479 1 0 -1 0 
 14 12 0.2751108303778479 1 0 -1 0 
 17 2 0.2751108303778479 1 0 -1 0 
 16 6 0.2751108303778479 1 0 -1 0 
 5 4 0.2751108303778479 1 0 -1 0 
 12 13 0.2751108303778479 1 1 5.31541222467739 0 
 4 18 0.2751108303778479 1 0 -1 0 
 16 2 0.2751108303778479 1 0 -1 0 
 14 13 0.2751108303778479 1 0 -1 0 
 15 18 0.2751108303778479 1 1 1.1259977902259113 0 
 4 3 0.2751108303778479 1 1 0.84100692520602 0 
 13 9 0.2751108303778479 1 0 -1 0 
 20 11 0.2751108303778479 1 0 -1 0 
 20 1 0.2751108303778479 1 2 0.3046712712474648 0 
 16 13 0.2751108303778479 1 0 -1 0 
 16 9 0.2751108303778479 1 0 -1 0 
 14 10 0.2751108303778479 1 0 -1 0 
 10 1 0.2751108303778479 1 1 0.03633590438687618 0 
 7 18 0.2751108303778479 1 0 -1 0 
 19 7 0.2751108303778479 1 0 -1 0 
 5 7 0.2751108303778479 1 0 -1 0 
 12 10 0.2751108303778479 1 0 -1 0 
 14 16 0.2751108303778479 1 0 -1 0 
 17 1 0.2751108303778479 1 2 1.448151024192353 0 
 19 17 0.2751108303778479 1 0 -1 0 
 16 1 0.2751108303778479 1 0 -1 0 
 1 11 0.2751108303778479 1 0 -1 0 
 3 7 0.2751108303778479 1 0 -1 0 
 4 7 0.2751108303778479 1 1 0.7215421620357154 0 
 4 15 0.2751108303778479 1 1 0.3298216950934614 0 
 5 2 0.2751108303778479 1 0 -1 0 
 4 6 0.2751108303778479 1 0 -1 0 
 8 2 0.2751108303778479 1 1 0.8371832019576975 0 
 17 11 0.2751108303778479 1 1 0.14457747773968366 0 
 10 1 0.31144673476472406 1 1 0 1 
 12 4 0.31144673476472406 1 2 0.00416114638341245 0 
 15 6 0.31144673476472406 1 0 -1 0 
 16 6 0.31144673476472406 1 0 -1 0 
 4 15 0.31144673476472406 1 1 1.1224456084214665 0 
 20 11 0.31144673476472406 1 1 0.6161878380448568 0 
 17 11 0.31144673476472406 1 1 1.2690588688277744 0 
 14 10 0.31144673476472406 1 2 0.3814231300523579 0 
 12 13 0.31144673476472406 1 0 -1 0 
 5 2 0.31144673476472406 1 1 0.22600732227891035 0 
 10 11 0.31144673476472406 1 0 -1 0 
 7 18 0.31144673476472406 1 0 -1 0 
 17 2 0.31144673476472406 1 0 -1 0 
 15 18 0.31144673476472406 1 0 -1 0 
 20 1 0.31144673476472406 1 0 -1 0 
 13 9 0.31144673476472406 1 0 -1 0 
 12 10 0.31144673476472406 1 0 -1 0 
 8 20 0.31144673476472406 1 1 0.38784734118416525 0 
 14 4 0.31144673476472406 1 2 0.6967573583893084 0 
 4 3 0.31144673476472406 1 2 0.15721153229798318 0 
 12 1 0.31144673476472406 1 0 -1 0 
 5 4 0.31144673476472406 1 0 -1 0 
 1 11 0.31144673476472406 1 0 -1 0 
 5 7 0.31144673476472406 1 1 1.6276107577957535 0 
 14 12 0.31144673476472406 1 1 2.8804233110026205 0 
 19 7 0.31144673476472406 1 0 -1 0 
 16 1 0.31144673476472406 1 0 -1 0 
 19 18 0.31144673476472406 1 0 -1 0 
 16 13 0.31144673476472406 1 0 -1 0 
 14 13 0.31144673476472406 1 1 1.7583626446911595 0 
 4 6 0.31144673476472406 1 0 -1 0 
 8 19 0.31144673476472406 1 0 -1 0 
 15 9 0.31144673476472406 1 0 -1 0 
 8 2 0.31144673476472406 1 0 -1 0 
 15 1 0.31144673476472406 1 0 -1 0 
 17 1 0.31144673476472406 1 0 -1 0 
 4 7 0.31144673476472406 1 0 -1 0 
 19 17 0.31144673476472406 1 2 0.09659954001243357 0 
 3 7 0.31144673476472406 1 0 -1 0 
 16 9 0.31144673476472406 1 0 -1 0 
 14 16 0.31144673476472406 1 0 -1 0 
 17 4 0.31144673476472406 1 0 -1 0 
 4 18 0.31144673476472406 1 2 0.5197771685143018 0 
 16 2 0.31144673476472406 1 0 -1 0 
 8 3 0.31144673476472406 1 1 0.732659562925339 0 
 12 4 0.31560788114813654 1 2 0 1 
 19 7 0.31560788114813654 1 0 -1 0 
 5 4 0.31560788114813654 1 0 -1 0 
 14 4 0.31560788114813654 1 0 -1 0 
 5 7 0.31560788114813654 1 0 -1 0 
 16 2 0.31560788114813654 1 0 -1 0 
 10 11 0.31560788114813654 1 1 0.8698267791896575 0 
 17 11 0.31560788114813654 1 2 0.18304105445998373 0 
 12 10 0.31560788114813654 1 1 0.721801000839957 0 
 8 19 0.31560788114813654 1 0 -1 0 
 8 20 0.31560788114813654 1 0 -1 0 
 20 1 0.31560788114813654 1 1 0.12403498631651623 0 
 19 17 0.31560788114813654 1 2 0.09421904909949683 0 
 16 13 0.31560788114813654 1 0 -1 0 
 17 4 0.31560788114813654 1 0 -1 0 
 15 18 0.31560788114813654 1 0 -1 0 
 16 1 0.31560788114813654 1 1 0.7666003623780856 0 
 7 18 0.31560788114813654 1 2 0.1407689308151932 0 
 8 2 0.31560788114813654 1 0 -1 0 
 15 9 0.31560788114813654 1 0 -1 0 
 4 18 0.31560788114813654 1 0 -1 0 
 3 7 0.31560788114813654 1 1 0.0215605260329933 0 
 14 16 0.31560788114813654 1 1 3.194558556815178 0 
 16 9 0.31560788114813654 1 0 -1 0 
 15 1 0.31560788114813654 1 0 -1 0 
 4 6 0.31560788114813654 1 0 -1 0 
 1 11 0.31560788114813654 1 0 -1 0 
 14 12 0.31560788114813654 1 0 -1 0 
 20 11 0.31560788114813654 1 1 0.03394879341661074 0 
 8 3 0.31560788114813654 1 0 -1 0 
 12 13 0.31560788114813654 1 0 -1 0 
 16 6 0.31560788114813654 1 0 -1 0 
 12 1 0.31560788114813654 1 0 -1 0 
 17 1 0.31560788114813654 1 0 -1 0 
 4 15 0.31560788114813654 1 1 2.4044716522223237 0 
 4 3 0.31560788114813654 1 0 -1 0 
 5 2 0.31560788114813654 1 0 -1 0 
 13 9 0.31560788114813654 1 0 -1 0 
 17 2 0.31560788114813654 1 1 0.0011803853449734243 0 
 14 13 0.31560788114813654 1 1 1.6073746015570005 0 
 4 7 0.31560788114813654 1 0 -1 0 
 19 18 0.31560788114813654 1 0 -1 0 
 14 10 0.31560788114813654 1 0 -1 0 
 15 6 0.31560788114813654 1 0 -1 0 
 17 2 0.31678826649311 1 1 0 1 
 14 4 0.31678826649311 1 0 -1 0 
 8 19 0.31678826649311 1 0 -1 0 
 5 2 0.31678826649311 1 0 -1 0 
 15 6 0.31678826649311 1 0 -1 0 
 8 20 0.31678826649311 1 1 0.06347209236391411 0 
 16 13 0.31678826649311 1 0 -1 0 
 16 9 0.31678826649311 1 0 -1 0 
 1 11 0.31678826649311 1 0 -1 0 
 14 12 0.31678826649311 1 0 -1 0 
 16 1 0.31678826649311 1 0 -1 0 
 4 18 0.31678826649311 1 0 -1 0 
 12 13 0.31678826649311 1 1 0.6531487548791151 0 
 4 15 0.31678826649311 1 0 -1 0 
 15 1 0.31678826649311 1 1 0.23316262239757213 0 
 4 7 0.31678826649311 1 1 1.0139303465638534 0 
 17 4 0.31678826649311 1 1 0.6675022413826949 0 
 4 3 0.31678826649311 1 1 0.2597712148118007 0 
 17 1 0.31678826649311 1 0 -1 0 
 15 9 0.31678826649311 1 0 -1 0 
 19 7 0.31678826649311 1 0 -1 0 
 5 4 0.31678826649311 1 0 -1 0 
 8 2 0.31678826649311 1 1 0.046799136485004465 0 
 14 10 0.31678826649311 1 2 0.3385540972976229 0 
 19 17 0.31678826649311 1 2 1.2015236533730067 0 
 13 9 0.31678826649311 1 0 -1 0 
 7 18 0.31678826649311 1 0 -1 0 
 19 18 0.31678826649311 1 0 -1 0 
 16 2 0.31678826649311 1 0 -1 0 
 15 18 0.31678826649311 1 2 0.1772447396786364 0 
 10 11 0.31678826649311 1 0 -1 0 
 3 7 0.31678826649311 1 0 -1 0 
 14 16 0.31678826649311 1 0 -1 0 
 8 3 0.31678826649311 1 2 0.8610862802717023 0 
 17 11 0.31678826649311 1 0 -1 0 
 4 6 0.31678826649311 1 0 -1 0 
 20 1 0.31678826649311 1 1 0.29404407851401687 0 
 5 7 0.31678826649311 1 0 -1 0 
 16 6 0.31678826649311 1 0 -1 0 
 20 11 0.31678826649311 1 0 -1 0 
 12 1 0.31678826649311 1 0 -1 0 
 14 13 0.31678826649311 1 0 -1 0 
 12 10 0.31678826649311 1 0 -1 0 
 8 2 0.3635874029781144 1 1 0 1 
 14 12 0.3635874029781144 1 0 -1 0 
 15 1 0.3635874029781144 1 0 -1 0 
 19 7 0.3635874029781144 1 0 -1 0 
 5 2 0.3635874029781144 1 0 -1 0 
 3 7 0.3635874029781144 1 0 -1 0 
 12 1 0.3635874029781144 1 2 0.11345812282705833 0 
 16 1 0.3635874029781144 1 0 -1 0 
 14 13 0.3635874029781144 1 0 -1 0 
 16 2 0.3635874029781144 1 1 0.33822406687442086 0 
 8 19 0.3635874029781144 1 0 -1 0 
 20 1 0.3635874029781144 1 1 0.021443853056427462 0 
 4 7 0.3635874029781144 1 1 1.323337487174986 0 
 4 15 0.3635874029781144 1 0 -1 0 
 20 11 0.3635874029781144 1 0 -1 0 
 17 4 0.3635874029781144 1 2 0.18201272574375962 0 
 16 13 0.3635874029781144 1 0 -1 0 
 16 6 0.3635874029781144 1 1 3.4099605227244885 0 
 1 11 0.3635874029781144 1 0 -1 0 
 4 18 0.3635874029781144 1 0 -1 0 
 16 9 0.3635874029781144 1 0 -1 0 
 8 20 0.3635874029781144 1 1 1.1478915882702354 0 
 14 4 0.3635874029781144 1 0 -1 0 
 19 18 0.3635874029781144 1 2 0.515813946670404 0 
 5 7 0.3635874029781144 1 0 -1 0 
 19 17 0.3635874029781144 1 0 -1 0 
 12 13 0.3635874029781144 1 1 0.09674060087231534 0 
 5 4 0.3635874029781144 1 0 -1 0 
 12 10 0.3635874029781144 1 0 -1 0 
 17 1 0.3635874029781144 1 1 0.29202035194965636 0 
 7 18 0.3635874029781144 1 0 -1 0 
 14 16 0.3635874029781144 1 0 -1 0 
 17 11 0.3635874029781144 1 0 -1 0 
 8 3 0.3635874029781144 1 1 0.253244420048991 0 
 13 9 0.3635874029781144 1 0 -1 0 
 15 9 0.3635874029781144 1 0 -1 0 
 10 11 0.3635874029781144 1 0 -1 0 
 4 3 0.3635874029781144 1 2 0.7089791064985008 0 
 15 18 0.3635874029781144 1 0 -1 0 
 15 6 0.3635874029781144 1 1 0.4060302386367547 0 
 14 10 0.3635874029781144 1 2 0.18676251773512698 0 
 4 6 0.3635874029781144 1 0 -1 0 
 20 1 0.3850312560345419 1 1 0 1 
 14 12 0.3850312560345419 1 2 0.01505075566138084 0 
 10 11 0.3850312560345419 1 2 0.21115823235097178 0 
 14 10 0.3850312560345419 1 0 -1 0 
 4 6 0.3850312560345419 1 0 -1 0 
 16 2 0.3850312560345419 1 0 -1 0 
 4 15 0.3850312560345419 1 1 1.7158423180157747 0 
 17 1 0.3850312560345419 1 0 -1 0 
 13 9 0.3850312560345419 1 0 -1 0 
 15 1 0.3850312560345419 1 0 -1 0 
 14 13 0.3850312560345419 1 2 0.16093279608387506 0 
 20 11 0.3850312560345419 1 2 0.4727509594073657 0 
 17 11 0.3850312560345419 1 2 1.7189145350285142 0 
 12 1 0.3850312560345419 1 2 0.021526908280214363 0 
 14 16 0.3850312560345419 1 0 -1 0 
 5 7 0.3850312560345419 1 0 -1 0 
 15 18 0.3850312560345419 1 0 -1 0 
 3 7 0.3850312560345419 1 0 -1 0 
 16 9 0.3850312560345419 1 0 -1 0 
 12 13 0.3850312560345419 1 1 0.2565442669524262 0 
 14 4 0.3850312560345419 1 2 0.26393612742791 0 
 8 19 0.3850312560345419 1 0 -1 0 
 7 18 0.3850312560345419 1 0 -1 0 
 19 7 0.3850312560345419 1 0 -1 0 
 8 20 0.3850312560345419 1 0 -1 0 
 4 7 0.3850312560345419 1 1 1.3589591750657175 0 
 4 18 0.3850312560345419 1 1 1.0024406083738922 0 
 17 4 0.3850312560345419 1 2 0.016758489234989512 0 
 8 3 0.3850312560345419 1 0 -1 0 
 1 11 0.3850312560345419 1 2 0.572721701835453 0 
 5 4 0.3850312560345419 1 1 3.9919076740744863 0 
 16 1 0.3850312560345419 1 0 -1 0 
 15 6 0.3850312560345419 1 0 -1 0 
 12 10 0.3850312560345419 1 0 -1 0 
 16 13 0.3850312560345419 1 0 -1 0 
 16 6 0.3850312560345419 1 0 -1 0 
 4 3 0.3850312560345419 1 1 0.6026349218753769 0 
 15 9 0.3850312560345419 1 0 -1 0 
 19 17 0.3850312560345419 1 1 1.8992135886019346 0 
 19 18 0.3850312560345419 1 1 0.06895618966429902 0 
 5 2 0.3850312560345419 1 1 0.13800224872224826 0 
 14 12 0.4000820116959228 1 2 0 1 
 10 11 0.4000820116959228 1 2 0.29228979629934104 0 
 4 18 0.4000820116959228 1 0 -1 0 
 15 18 0.4000820116959228 1 2 0.13242355310409504 0 
 7 18 0.4000820116959228 1 0 -1 0 
 4 7 0.4000820116959228 1 1 0.23909803647797967 0 
 17 1 0.4000820116959228 1 0 -1 0 
 16 1 0.4000820116959228 1 1 3.1743208521423836 0 
 17 11 0.4000820116959228 1 1 1.40918930057613 0 
 4 6 0.4000820116959228 1 0 -1 0 
 19 18 0.4000820116959228 1 0 -1 0 
 16 9 0.4000820116959228 1 0 -1 0 
 3 7 0.4000820116959228 1 0 -1 0 
 15 9 0.4000820116959228 1 1 0.2813159623204477 0 
 15 6 0.4000820116959228 1 0 -1 0 
 12 13 0.4000820116959228 1 0 -1 0 
 8 20 0.4000820116959228 1 0 -1 0 
 8 19 0.4000820116959228 1 0 -1 0 
 5 4 0.4000820116959228 1 0 -1 0 
 14 10 0.4000820116959228 1 2 0.7161531318497487 0 
 5 7 0.4000820116959228 1 0 -1 0 
 8 3 0.4000820116959228 1 0 -1 0 
 14 16 0.4000820116959228 1 0 -1 0 
 15 1 0.4000820116959228 1 1 0.2899782137846215 0 
 4 15 0.4000820116959228 1 1 1.0109040722364964 0 
 1 11 0.4000820116959228 1 1 1.0613150785009293 0 
 14 13 0.4000820116959228 1 0 -1 0 
 16 2 0.4000820116959228 1 1 0.24908811994683877 0 
 14 4 0.4000820116959228 1 0 -1 0 
 4 3 0.4000820116959228 1 1 2.939310973728285 0 
 13 9 0.4000820116959228 1 1 3.321868077622703 0 
 12 1 0.4000820116959228 1 1 1.9069163461260492 0 
 5 2 0.4000820116959228 1 0 -1 0 
 16 6 0.4000820116959228 1 0 -1 0 
 12 10 0.4000820116959228 1 0 -1 0 
 17 4 0.4000820116959228 1 0 -1 0 
 19 7 0.4000820116959228 1 0 -1 0 
 19 17 0.4000820116959228 1 2 0.08757097218182164 0 
 16 13 0.4000820116959228 1 0 -1 0 
 20 11 0.4000820116959228 1 2 0.44583405685735367 0 
 19 17 0.4876529838777444 1 2 0 1 
 12 10 0.4876529838777444 1 1 0.1179811035685085 0 
 19 18 0.4876529838777444 1 2 0.09289690829657493 0 
 13 9 0.4876529838777444 1 1 0.04544856347726063 0 
 4 7 0.4876529838777444 1 0 -1 0 
 19 7 0.4876529838777444 1 0 -1 0 
 16 13 0.4876529838777444 1 0 -1 0 
 8 3 0.4876529838777444 1 0 -1 0 
 17 4 0.4876529838777444 1 3 0.3924015563631018 0 
 5 4 0.4876529838777444 1 0 -1 0 
 5 2 0.4876529838777444 1 0 -1 0 
 4 3 0.4876529838777444 1 1 1.2155483763816677 0 
 4 18 0.4876529838777444 1 2 0.17618129375373814 0 
 16 9 0.4876529838777444 1 0 -1 0 
 16 1 0.4876529838777444 1 1 1.8048725501412046 0 
 12 13 0.4876529838777444 1 0 -1 0 
 8 19 0.4876529838777444 1 0 -1 0 
 16 6 0.4876529838777444 1 0 -1 0 
 20 11 0.4876529838777444 1 2 0.002590902127112128 0 
 4 15 0.4876529838777444 1 1 1.4850642022297056 0 
 15 18 0.4876529838777444 1 1 1.1335757817643044 0 
 10 11 0.4876529838777444 1 1 0.9218645878016067 0 
 15 6 0.4876529838777444 1 0 -1 0 
 8 20 0.4876529838777444 1 0 -1 0 
 7 18 0.4876529838777444 1 1 2.031555194275892 0 
 16 2 0.4876529838777444 1 1 1.2465567673811875 0 
 15 1 0.4876529838777444 1 0 -1 0 
 4 6 0.4876529838777444 1 0 -1 0 
 14 13 0.4876529838777444 1 0 -1 0 
 14 10 0.4876529838777444 1 2 0.41537686762501536 0 
 15 9 0.4876529838777444 1 1 0.311369352182603 0 
 14 16 0.4876529838777444 1 0 -1 0 
 3 7 0.4876529838777444 1 0 -1 0 
 17 11 0.4876529838777444 1 0 -1 0 
 5 7 0.4876529838777444 1 0 -1 0 
 17 1 0.4876529838777444 1 0 -1 0 
 1 11 0.4876529838777444 1 1 4.034574573306779 0 
 12 1 0.4876529838777444 1 0 -1 0 
 14 4 0.4876529838777444 1 2 1.2241376477299986 0 
 20 11 0.4902438860048565 1 2 0 1 
 12 10 0.4902438860048565 1 2 0.10098301857955842 0 
 19 18 0.4902438860048565 1 2 0.02833679225605826 0 
 4 18 0.4902438860048565 1 1 1.9391280172875123 0 
 16 1 0.4902438860048565 1 0 -1 0 
 3 7 0.4902438860048565 1 0 -1 0 
 16 6 0.4902438860048565 1 0 -1 0 
 14 10 0.4902438860048565 1 0 -1 0 
 14 16 0.4902438860048565 1 0 -1 0 
 17 11 0.4902438860048565 1 0 -1 0 
 8 20 0.4902438860048565 1 2 0.5644167136599179 0 
 14 13 0.4902438860048565 1 2 0.12846182894389416 0 
 12 1 0.4902438860048565 1 2 0.1603667097528019 0 
 10 11 0.4902438860048565 1 0 -1 0 
 5 4 0.4902438860048565 1 0 -1 0 
 13 9 0.4902438860048565 1 1 0.5440473535071514 0 
 12 13 0.4902438860048565 1 1 1.4681088010756178 0 
 7 18 0.4902438860048565 1 0 -1 0 
 4 3 0.4902438860048565 1 2 0.9155021912723407 0 
 19 7 0.4902438860048565 1 1 0.3166914271704547 0 
 4 15 0.4902438860048565 1 0 -1 0 
 16 13 0.4902438860048565 1 1 0.49057815213686484 0 
 15 18 0.4902438860048565 1 3 0.4387262530055196 0 
 1 11 0.4902438860048565 1 0 -1 0 
 17 4 0.4902438860048565 1 2 0.19825534607134596 0 
 8 19 0.4902438860048565 1 1 0.5473660639664968 0 
 14 4 0.4902438860048565 1 2 0.0727453860542564 0 
 16 9 0.4902438860048565 1 0 -1 0 
 15 6 0.4902438860048565 1 0 -1 0 
 5 2 0.4902438860048565 1 0 -1 0 
 4 7 0.4902438860048565 1 2 1.7513233011827505 0 
 17 1 0.4902438860048565 1 1 6.080594616602939 0 
 8 3 0.4902438860048565 1 1 0.5799166360528323 0 
 16 2 0.4902438860048565 1 1 0.9074017278912409 0 
 15 9 0.4902438860048565 1 1 0.5080692402378792 0 
 5 7 0.4902438860048565 1 0 -1 0 
 4 6 0.4902438860048565 1 0 -1 0 
 15 1 0.4902438860048565 1 3 1.3211475750807253 0 
 19 18 0.5185806782609148 1 2 0 1 
 17 11 0.5185806782609148 1 2 0.12245042904671738 0 
 4 6 0.5185806782609148 1 0 -1 0 
 17 1 0.5185806782609148 1 0 -1 0 
 12 10 0.5185806782609148 1 0 -1 0 
 4 18 0.5185806782609148 1 1 0.8450200398635328 0 
 15 18 0.5185806782609148 1 1 0.18090347302883258 0 
 5 2 0.5185806782609148 1 1 0.8085062094062485 0 
 19 7 0.5185806782609148 1 2 0.07330159072932897 0 
 3 7 0.5185806782609148 1 0 -1 0 
 4 7 0.5185806782609148 1 2 0.1854511663292423 0 
 16 9 0.5185806782609148 1 0 -1 0 
 8 19 0.5185806782609148 1 0 -1 0 
 4 3 0.5185806782609148 1 3 0.14160762593501025 0 
 5 7 0.5185806782609148 1 1 0.41610085090620874 0 
 14 4 0.5185806782609148 1 2 1.1882937248806005 0 
 14 10 0.5185806782609148 1 0 -1 0 
 14 13 0.5185806782609148 1 0 -1 0 
 12 13 0.5185806782609148 1 0 -1 0 
 5 4 0.5185806782609148 1 0 -1 0 
 16 6 0.5185806782609148 1 0 -1 0 
 8 3 0.5185806782609148 1 2 0.2760473978984139 0 
 12 1 0.5185806782609148 1 1 1.9339034745771744 0 
 8 20 0.5185806782609148 1 2 1.391142026306473 0 
 16 1 0.5185806782609148 1 0 -1 0 
 10 11 0.5185806782609148 1 2 0.17084399588203542 0 
 14 16 0.5185806782609148 1 0 -1 0 
 15 1 0.5185806782609148 1 1 0.021634183120760115 0 
 15 9 0.5185806782609148 1 1 0.75340729126074 0 
 1 11 0.5185806782609148 1 0 -1 0 
 16 13 0.5185806782609148 1 0 -1 0 
 16 2 0.5185806782609148 1 0 -1 0 
 7 18 0.5185806782609148 1 0 -1 0 
 15 6 0.5185806782609148 1 0 -1 0 
 13 9 0.5185806782609148 1 1 1.3010474791013984 0 
 4 15 0.5185806782609148 1 2 0.4382629679625892 0 
 17 4 0.5185806782609148 1 1 0.777227272853091 0 
 15 1 0.540214861381675 1 1 0 1 
 16 13 0.540214861381675 1 0 -1 0 
 17 11 0.540214861381675 1 1 0.1499319576651491 0 
 4 3 0.540214861381675 1 2 0.05263394180841114 0 
 14 4 0.540214861381675 1 2 0.004203471352867916 0 
 4 15 0.540214861381675 1 1 2.1516284321624592 0 
 10 11 0.540214861381675 1 1 1.7793497017984499 0 
 13 9 0.540214861381675 1 1 2.7097985900084103 0 
 5 7 0.540214861381675 1 1 0.9578219247962971 0 
 15 6 0.540214861381675 1 0 -1 0 
 4 7 0.540214861381675 1 2 0.20389849366794052 0 
 8 20 0.540214861381675 1 2 0.25976667367067585 0 
 16 6 0.540214861381675 1 1 0.18787042990894368 0 
 8 3 0.540214861381675 1 2 0.7303739366632707 0 
 5 2 0.540214861381675 1 2 0.2672571423542408 0 
 17 4 0.540214861381675 1 2 0.18695930240818012 0 
 12 10 0.540214861381675 1 0 -1 0 
 16 9 0.540214861381675 1 0 -1 0 
 14 13 0.540214861381675 1 0 -1 0 
 14 10 0.540214861381675 1 1 0.7847304114899257 0 
 4 6 0.540214861381675 1 1 0.38097860249492754 0 
 5 4 0.540214861381675 1 1 1.5737852269186388 0 
 12 1 0.540214861381675 1 1 0.1307245016307691 0 
 7 18 0.540214861381675 1 1 1.2214495498335913 0 
 15 9 0.540214861381675 1 1 0.7332785700045806 0 
 14 16 0.540214861381675 1 1 1.0455711214389622 0 
 12 13 0.540214861381675 1 0 -1 0 
 4 18 0.540214861381675 1 2 0.1748981561100797 0 
 8 19 0.540214861381675 1 0 -1 0 
 17 1 0.540214861381675 1 2 0.9162396663725577 0 
 15 18 0.540214861381675 1 1 0.48466959259969367 0 
 1 11 0.540214861381675 1 0 -1 0 
 16 2 0.540214861381675 1 1 2.611871807715635 0 
 16 1 0.540214861381675 1 1 2.145850735471566 0 
 3 7 0.540214861381675 1 1 0.811174817714832 0 
 19 7 0.540214861381675 1 2 0.13174433857885173 0 
 14 4 0.5444183327345429 1 2 0 1 
 17 1 0.5444183327345429 1 3 0.054682340458927205 0 
 4 3 0.5444183327345429 1 2 1.3602665618525092 0 
 17 4 0.5444183327345429 1 2 0.7311123876669614 0 
 8 3 0.5444183327345429 1 2 0.05659636410917673 0 
 17 11 0.5444183327345429 1 2 0.2904520868455434 0 
 4 15 0.5444183327345429 1 0 -1 0 
 14 16 0.5444183327345429 1 2 0.009407295552455407 0 
 19 7 0.5444183327345429 1 2 0.197946498574398 0 
 15 9 0.5444183327345429 1 1 1.468466449694636 0 
 14 10 0.5444183327345429 1 2 0.3888716327252477 0 
 14 13 0.5444183327345429 1 2 0.2007367918948259 0 
 1 11 0.5444183327345429 1 0 -1 0 
 3 7 0.5444183327345429 1 1 0.4010564486513952 0 
 8 20 0.5444183327345429 1 2 0.5149140634359683 0 
 15 18 0.5444183327345429 1 0 -1 0 
 5 7 0.5444183327345429 1 2 0.532327466477448 0 
 16 2 0.5444183327345429 1 3 0.05933189748126355 0 
 16 6 0.5444183327345429 1 1 3.1330817464967127 0 
 16 9 0.5444183327345429 1 0 -1 0 
 10 11 0.5444183327345429 1 2 0.6042392052354583 0 
 7 18 0.5444183327345429 1 1 0.25923666879233087 0 
 16 1 0.5444183327345429 1 2 0.26084768499508115 0 
 4 18 0.5444183327345429 1 1 0.2663376594376412 0 
 4 7 0.5444183327345429 1 1 0.54460299735027 0 
 16 13 0.5444183327345429 1 0 -1 0 
 8 19 0.5444183327345429 1 0 -1 0 
 5 2 0.5444183327345429 1 2 0.10815761719618613 0 
 5 4 0.5444183327345429 1 0 -1 0 
 13 9 0.5444183327345429 1 1 1.358380563370315 0 
 12 13 0.5444183327345429 1 0 -1 0 
 12 10 0.5444183327345429 1 0 -1 0 
 12 1 0.5444183327345429 1 1 0.33090703275799727 0 
 4 6 0.5444183327345429 1 1 2.191457022280161 0 
 15 6 0.5444183327345429 1 0 -1 0 
 14 16 0.5538256282869983 1 2 0 1 
 17 1 0.5538256282869983 1 2 0.15962136452831183 0 
 12 13 0.5538256282869983 1 1 0.6916361073483118 0 
 17 4 0.5538256282869983 1 3 0.6765371150426063 0 
 16 1 0.5538256282869983 1 0 -1 0 
 10 11 0.5538256282869983 1 2 0.7357776529188359 0 
 19 7 0.5538256282869983 1 2 0.5977623361466037 0 
 15 6 0.5538256282869983 1 1 1.66278463292935 0 
 12 1 0.5538256282869983 1 2 0.11414829138264963 0 
 4 3 0.5538256282869983 1 1 0.46905765172757474 0 
 16 9 0.5538256282869983 1 0 -1 0 
 8 20 0.5538256282869983 1 2 0.7146305807779125 0 
 5 2 0.5538256282869983 1 1 0.41208963634395845 0 
 7 18 0.5538256282869983 1 1 1.6782511361719161 0 
 8 3 0.5538256282869983 1 2 0.07205229194080932 0 
 16 13 0.5538256282869983 1 0 -1 0 
 4 6 0.5538256282869983 1 1 0.6582189732916244 0 
 16 6 0.5538256282869983 1 0 -1 0 
 14 10 0.5538256282869983 1 0 -1 0 
 15 18 0.5538256282869983 1 0 -1 0 
 4 18 0.5538256282869983 1 1 1.4496462953955433 0 
 1 11 0.5538256282869983 1 0 -1 0 
 14 13 0.5538256282869983 1 2 0.4013443518447649 0 
 16 2 0.5538256282869983 1 0 -1 0 
 15 9 0.5538256282869983 1 2 0.6405242934751775 0 
 17 11 0.5538256282869983 1 2 0.021275125534648706 0 
 5 4 0.5538256282869983 1 0 -1 0 
 12 10 0.5538256282869983 1 0 -1 0 
 13 9 0.5538256282869983 1 2 0.7361119734518992 0 
 5 7 0.5538256282869983 1 1 0.9236635978570176 0 
 4 7 0.5538256282869983 1 3 0.2233711122827774 0 
 4 15 0.5538256282869983 1 2 0.41000017120204985 0 
 8 19 0.5538256282869983 1 0 -1 0 
 3 7 0.5538256282869983 1 2 0.06140746322232966 0 
 17 11 0.575100753821647 1 2 0 1 
 12 10 0.575100753821647 1 2 0.46855774205624906 0 
 14 10 0.575100753821647 1 0 -1 0 
 5 4 0.575100753821647 1 0 -1 0 
 16 1 0.575100753821647 1 0 -1 0 
 5 2 0.575100753821647 1 1 0.35209882493449374 0 
 10 11 0.575100753821647 1 0 -1 0 
 4 15 0.575100753821647 1 1 3.275247853874162 0 
 8 20 0.575100753821647 1 2 0.45123815558642855 0 
 17 4 0.575100753821647 1 2 0.22756965714268923 0 
 16 13 0.575100753821647 1 1 0.32876567608043106 0 
 8 19 0.575100753821647 1 0 -1 0 
 15 18 0.575100753821647 1 2 0.12164713366272784 0 
 7 18 0.575100753821647 1 2 1.0852095715234549 0 
 12 13 0.575100753821647 1 0 -1 0 
 3 7 0.575100753821647 1 1 1.9726608731690796 0 
 14 13 0.575100753821647 1 2 1.149040189775488 0 
 4 18 0.575100753821647 1 0 -1 0 
 1 11 0.575100753821647 1 0 -1 0 
 16 9 0.575100753821647 1 0 -1 0 
 15 9 0.575100753821647 1 2 0.06392569084812995 0 
 8 3 0.575100753821647 1 2 0.2019297133044947 0 
 12 1 0.575100753821647 1 3 0.5140039290591888 0 
 16 2 0.575100753821647 1 0 -1 0 
 15 6 0.575100753821647 1 0 -1 0 
 17 1 0.575100753821647 1 3 0.23259621837444056 0 
 4 3 0.575100753821647 1 2 0.1645884424771282 0 
 16 6 0.575100753821647 1 1 5.726387652749322 0 
 5 7 0.575100753821647 1 1 1.5572416540047294 0 
 13 9 0.575100753821647 1 2 0.1261717330138896 0 
 4 6 0.575100753821647 1 1 1.0133366121419098 0 
 4 7 0.575100753821647 1 1 0.7369417208664352 0 
 19 7 0.575100753821647 1 2 1.3463394175047558 0 
 15 9 0.639026444669777 1 2 0 1 
 17 1 0.639026444669777 1 1 0.08724296935451538 0 
 4 7 0.639026444669777 1 2 0.6607045672346754 0 
 17 4 0.639026444669777 1 2 0.08904487164082422 0 
 7 18 0.639026444669777 1 0 -1 0 
 8 19 0.639026444669777 1 0 -1 0 
 12 1 0.639026444669777 1 1 0.1706906390270403 0 
 13 9 0.639026444669777 1 0 -1 0 
 12 13 0.639026444669777 1 1 1.0722099347537817 0 
 4 15 0.639026444669777 1 0 -1 0 
 16 6 0.639026444669777 1 0 -1 0 
 8 3 0.639026444669777 1 2 0.3408203614994304 0 
 19 7 0.639026444669777 1 2 0.22006879791219996 0 
 8 20 0.639026444669777 1 2 0.10843693218991336 0 
 16 1 0.639026444669777 1 1 2.3774169245783514 0 
 5 4 0.639026444669777 1 0 -1 0 
 14 13 0.639026444669777 1 2 0.49919035640937126 0 
 4 3 0.639026444669777 1 2 1.0533923984984854 0 
 12 10 0.639026444669777 1 1 1.7591290157484771 0 
 16 13 0.639026444669777 1 2 0.3539619419722727 0 
 4 6 0.639026444669777 1 0 -1 0 
 16 2 0.639026444669777 1 3 0.6160555006880795 0 
 15 18 0.639026444669777 1 1 0.42893015210543156 0 
 14 10 0.639026444669777 1 0 -1 0 
 5 7 0.639026444669777 1 2 0.23623720319816346 0 
 15 6 0.639026444669777 1 0 -1 0 
 1 11 0.639026444669777 1 1 1.1066953514153945 0 
 3 7 0.639026444669777 1 1 0.8560101040531081 0 
 5 2 0.639026444669777 1 2 0.8361488644362117 0 
 10 11 0.639026444669777 1 1 0.1233453618473736 0 
 4 18 0.639026444669777 1 1 0.4806291938963319 0 
 16 9 0.639026444669777 1 0 -1 0 
 17 1 0.7262694140242923 1 1 0 1 
 16 6 0.7262694140242923 1 5 0.03290709376807527 0 
 7 18 0.7262694140242923 1 1 3.3132100792443713 0 
 15 18 0.7262694140242923 1 0 -1 0 
 5 4 0.7262694140242923 1 0 -1 0 
 4 18 0.7262694140242923 1 1 0.10263862281577726 0 
 12 1 0.7262694140242923 1 2 0.35690689434589484 0 
 5 7 0.7262694140242923 1 2 1.8770387639448605 0 
 8 3 0.7262694140242923 1 2 0.40890804889324267 0 
 13 9 0.7262694140242923 1 2 0.5748376627296404 0 
 12 10 0.7262694140242923 1 2 0.013088176468896566 0 
 8 20 0.7262694140242923 1 2 0.47784226925009 0 
 16 2 0.7262694140242923 1 1 0.6509525114863174 0 
 8 19 0.7262694140242923 1 0 -1 0 
 10 11 0.7262694140242923 1 0 -1 0 
 15 6 0.7262694140242923 1 2 0.642502930244038 0 
 16 1 0.7262694140242923 1 2 0.3105762204146582 0 
 4 6 0.7262694140242923 1 3 0.31299235935390524 0 
 4 15 0.7262694140242923 1 3 0.8796157592923503 0 
 14 10 0.7262694140242923 1 0 -1 0 
 3 7 0.7262694140242923 1 1 0.6016841682872142 0 
 16 13 0.7262694140242923 1 2 0.09329089854394948 0 
 16 9 0.7262694140242923 1 2 0.07564489455656488 0 
 17 4 0.7262694140242923 1 3 0.37598308185159085 0 
 5 2 0.7262694140242923 1 2 0.07977750899286865 0 
 12 13 0.7262694140242923 1 1 0.8568152719410878 0 
 1 11 0.7262694140242923 1 0 -1 0 
 14 13 0.7262694140242923 1 2 0.31583604298569345 0 
 4 7 0.7262694140242923 1 1 0.21664874859705352 0 
 4 3 0.7262694140242923 1 2 0.3391635132584229 0 
 19 7 0.7262694140242923 1 2 0.8170046720541312 0 
 12 10 0.7393575904931889 1 2 0 1 
 13 9 0.7393575904931889 1 2 0.1525830611554903 0 
 4 15 0.7393575904931889 1 2 0.12714003720439174 0 
 14 13 0.7393575904931889 1 2 0.649672199239024 0 
 5 2 0.7393575904931889 1 3 1.149408776547354 0 
 12 1 0.7393575904931889 1 2 1.472721611369565 0 
 14 10 0.7393575904931889 1 0 -1 0 
 5 4 0.7393575904931889 1 2 0.13655870302198841 0 
 4 7 0.7393575904931889 1 2 0.2696549341644916 0 
 16 2 0.7393575904931889 1 2 0.49050372324075847 0 
 8 3 0.7393575904931889 1 2 0.3717102087887079 0 
 8 19 0.7393575904931889 1 0 -1 0 
 4 6 0.7393575904931889 1 2 0.9750528818601314 0 
 16 6 0.7393575904931889 1 4 0.2850616203624461 0 
 3 7 0.7393575904931889 1 1 0.4854602448885492 0 
 12 13 0.7393575904931889 1 1 1.2835682681342713 0 
 7 18 0.7393575904931889 1 1 0.5539889775803666 0 
 16 13 0.7393575904931889 1 2 0.2425838725524249 0 
 5 7 0.7393575904931889 1 1 0.004030764345669461 0 
 17 4 0.7393575904931889 1 3 0.329134233062303 0 
 1 11 0.7393575904931889 1 2 0.12747052159912522 0 
 10 11 0.7393575904931889 1 2 1.7725663523725248 0 
 8 20 0.7393575904931889 1 2 0.23077036135840043 0 
 4 3 0.7393575904931889 1 2 1.1117950599079602 0 
 15 6 0.7393575904931889 1 2 0.30948423701941025 0 
 16 1 0.7393575904931889 1 2 0.1731639690348318 0 
 4 18 0.7393575904931889 1 0 -1 0 
 15 18 0.7393575904931889 1 1 0.10741118796971484 0 
 19 7 0.7393575904931889 1 2 0.34992172851096776 0 
 16 9 0.7393575904931889 1 2 0.41542853992092865 0 
 5 7 0.7433883548388585 1 1 0 1 
 10 11 0.7433883548388585 1 0 -1 0 
 12 13 0.7433883548388585 1 0 -1 0 
 16 6 0.7433883548388585 1 2 0.7191701651358741 0 
 5 2 0.7433883548388585 1 1 0.26610897512840465 0 
 5 4 0.7433883548388585 1 1 2.028641715938029 0 
 3 7 0.7433883548388585 1 0 -1 0 
 1 11 0.7433883548388585 1 0 -1 0 
 16 1 0.7433883548388585 1 1 1.0091446626004492 0 
 14 10 0.7433883548388585 1 2 0.19834987587576122 0 
 14 13 0.7433883548388585 1 0 -1 0 
 17 4 0.7433883548388585 1 3 1.5088510643523048 0 
 19 7 0.7433883548388585 1 2 0.3166305846396891 0 
 16 2 0.7433883548388585 1 0 -1 0 
 4 18 0.7433883548388585 1 0 -1 0 
 4 15 0.7433883548388585 1 1 0.6116115754932524 0 
 16 9 0.7433883548388585 1 0 -1 0 
 4 7 0.7433883548388585 1 2 0.617530874058174 0 
 4 3 0.7433883548388585 1 3 0.2610366080345366 0 
 12 1 0.7433883548388585 1 1 0.04056451468882526 0 
 15 6 0.7433883548388585 1 1 1.1426574793723532 0 
 13 9 0.7433883548388585 1 0 -1 0 
 8 3 0.7433883548388585 1 2 0.334669550337986 0 
 8 20 0.7433883548388585 1 2 0.66087905081631 0 
 8 19 0.7433883548388585 1 0 -1 0 
 16 13 0.7433883548388585 1 1 0.5371695755763215 0 
 7 18 0.7433883548388585 1 1 0.5546409937755383 0 
 4 6 0.7433883548388585 1 1 0.23145503428103315 0 
 15 18 0.7433883548388585 1 1 0.38475585782202437 0 
 12 1 0.7839528695276837 1 1 0 1 
 13 9 0.7839528695276837 1 2 0.2964051635447868 0 
 5 2 0.7839528695276837 1 2 0.3671083644991088 0 
 16 1 0.7839528695276837 1 0 -1 0 
 15 6 0.7839528695276837 1 1 1.0769670000656926 0 
 1 11 0.7839528695276837 1 0 -1 0 
 16 2 0.7839528695276837 1 1 1.0292097690514348 0 
 4 7 0.7839528695276837 1 2 0.3187701055591946 0 
 4 18 0.7839528695276837 1 2 0.028641236732395794 0 
 17 4 0.7839528695276837 1 3 0.3762588280027776 0 
 16 13 0.7839528695276837 1 2 0.161133696898963 0 
 4 6 0.7839528695276837 1 2 2.8831906545737187 0 
 8 19 0.7839528695276837 1 0 -1 0 
 4 15 0.7839528695276837 1 2 0.042123623789544797 0 
 5 4 0.7839528695276837 1 2 0.8187604671558064 0 
 16 6 0.7839528695276837 1 3 0.048501945426319075 0 
 8 3 0.7839528695276837 1 2 0.18249075791919017 0 
 16 9 0.7839528695276837 1 2 0.13746332817537177 0 
 4 3 0.7839528695276837 1 2 0.5585991704456957 0 
 19 7 0.7839528695276837 1 2 0.3922949202515055 0 
 3 7 0.7839528695276837 1 1 1.802467337951891 0 
 10 11 0.7839528695276837 1 0 -1 0 
 14 10 0.7839528695276837 1 2 0.49623540892344337 0 
 12 13 0.7839528695276837 1 1 1.4505825750136454 0 
 15 18 0.7839528695276837 1 2 0.18396716030689347 0 
 7 18 0.7839528695276837 1 2 0.5095327538755131 0 
 8 20 0.7839528695276837 1 2 0.20857154122893773 0 
 14 13 0.7839528695276837 1 4 0.3063342488229267 0 
 4 18 0.8125941062600796 1 2 0 1 
 16 9 0.8125941062600796 1 0 -1 0 
 1 11 0.8125941062600796 1 0 -1 0 
 5 2 0.8125941062600796 1 1 0.10428625223187975 0 
 8 19 0.8125941062600796 1 0 -1 0 
 5 4 0.8125941062600796 1 1 0.3787326821722307 0 
 17 4 0.8125941062600796 1 3 0.5761516325767676 0 
 16 1 0.8125941062600796 1 0 -1 0 
 16 6 0.8125941062600796 1 2 0.9408062613646497 0 
 8 20 0.8125941062600796 1 2 0.04034039988236838 0 
 10 11 0.8125941062600796 1 0 -1 0 
 12 13 0.8125941062600796 1 1 0.10910261593610548 0 
 13 9 0.8125941062600796 1 0 -1 0 
 4 7 0.8125941062600796 1 2 0.1482159755872608 0 
 14 10 0.8125941062600796 1 2 0.21942850483649118 0 
 7 18 0.8125941062600796 1 2 0.05475793334376155 0 
 14 13 0.8125941062600796 1 2 0.885055040968195 0 
 4 6 0.8125941062600796 1 0 -1 0 
 19 7 0.8125941062600796 1 2 0.46234804895043513 0 
 3 7 0.8125941062600796 1 1 0.2281359844212623 0 
 15 6 0.8125941062600796 1 2 1.1460408109720224 0 
 8 3 0.8125941062600796 1 2 1.1491986685340534 0 
 4 15 0.8125941062600796 1 1 1.668552810676538 0 
 16 13 0.8125941062600796 1 2 0.027946622038716003 0 
 4 3 0.8125941062600796 1 2 0.09168505297360016 0 
 15 18 0.8125941062600796 1 2 0.015094696813028084 0 
 16 2 0.8125941062600796 1 2 0.46557875425381 0 
 15 18 0.8276888030731077 1 2 0 1 
 17 4 0.8276888030731077 1 3 0.7951530947420519 0 
 4 15 0.8276888030731077 1 1 0.9850357884538503 0 
 4 3 0.8276888030731077 1 3 0.18794306617706555 0 
 16 9 0.8276888030731077 1 0 -1 0 
 10 11 0.8276888030731077 1 0 -1 0 
 14 13 0.8276888030731077 1 2 0.040932129057350275 0 
 19 7 0.8276888030731077 1 2 0.14854781128052194 0 
 8 19 0.8276888030731077 1 0 -1 0 
 13 9 0.8276888030731077 1 0 -1 0 
 16 1 0.8276888030731077 1 0 -1 0 
 16 2 0.8276888030731077 1 0 -1 0 
 8 20 0.8276888030731077 1 2 0.49561354866515706 0 
 4 7 0.8276888030731077 1 1 0.5092663141207223 0 
 1 11 0.8276888030731077 1 0 -1 0 
 8 3 0.8276888030731077 1 2 0.4555457359890866 0 
 14 10 0.8276888030731077 1 2 0.6217756924837479 0 
 16 6 0.8276888030731077 1 0 -1 0 
 16 13 0.8276888030731077 1 0 -1 0 
 5 2 0.8276888030731077 1 1 1.0941089258429297 0 
 12 13 0.8276888030731077 1 1 0.5987925328105445 0 
 5 4 0.8276888030731077 1 1 0.44206017014316423 0 
 4 6 0.8276888030731077 1 0 -1 0 
 3 7 0.8276888030731077 1 0 -1 0 
 7 18 0.8276888030731077 1 2 0.6855156577715943 0 
 15 6 0.8276888030731077 1 0 -1 0 
 14 13 0.8686209321304579 1 2 0 1 
 13 9 0.8686209321304579 1 0 -1 0 
 17 4 0.8686209321304579 1 3 0.276249062740674 0 
 4 7 0.8686209321304579 1 2 0.8685685785787522 0 
 7 18 0.8686209321304579 1 2 0.9748628750536613 0 
 5 4 0.8686209321304579 1 0 -1 0 
 16 2 0.8686209321304579 1 1 1.0204394343405903 0 
 16 1 0.8686209321304579 1 2 1.2933799818415705 0 
 8 20 0.8686209321304579 1 2 1.164473426914922 0 
 16 6 0.8686209321304579 1 1 0.16285346474655382 0 
 4 15 0.8686209321304579 1 0 -1 0 
 10 11 0.8686209321304579 1 2 0.35379668822564897 0 
 14 10 0.8686209321304579 1 2 0.1732867814361782 0 
 4 3 0.8686209321304579 1 2 0.8098835873214703 0 
 15 6 0.8686209321304579 1 1 1.567711756828197 0 
 16 13 0.8686209321304579 1 2 0.8413434680437551 0 
 3 7 0.8686209321304579 1 1 0.42099757119452136 0 
 16 9 0.8686209321304579 1 0 -1 0 
 4 6 0.8686209321304579 1 0 -1 0 
 12 13 0.8686209321304579 1 1 0.3940715863395906 0 
 8 3 0.8686209321304579 1 2 0.8407095855938524 0 
 5 2 0.8686209321304579 1 0 -1 0 
 1 11 0.8686209321304579 1 2 0.4747003533298465 0 
 8 19 0.8686209321304579 1 0 -1 0 
 19 7 0.8686209321304579 1 2 0.4286579116945523 0 
 16 6 1.0314743968770117 1 1 0 1 
 17 4 1.0314743968770117 1 3 0.03826571466584341 0 
 5 2 1.0314743968770117 1 5 0.0017055039221834563 0 
 8 20 1.0314743968770117 1 2 0.2962612848454421 0 
 4 6 1.0314743968770117 1 0 -1 0 
 4 7 1.0314743968770117 1 2 0.016064792222645386 0 
 14 10 1.0314743968770117 1 2 0.836606173264969 0 
 8 19 1.0314743968770117 1 1 1.4904382638770124 0 
 13 9 1.0314743968770117 1 0 -1 0 
 12 13 1.0314743968770117 1 1 0.40597370839187763 0 
 1 11 1.0314743968770117 1 4 0.2297581991281044 0 
 3 7 1.0314743968770117 1 0 -1 0 
 16 13 1.0314743968770117 1 0 -1 0 
 10 11 1.0314743968770117 1 4 0.05454009887442718 0 
 16 1 1.0314743968770117 1 4 0.8591075761309922 0 
 7 18 1.0314743968770117 1 2 0.7127489118036939 0 
 4 15 1.0314743968770117 1 1 1.3122907980760914 0 
 8 3 1.0314743968770117 1 1 0.4950840148112601 0 
 16 2 1.0314743968770117 1 4 0.03235682043996811 0 
 5 4 1.0314743968770117 1 5 0.6026005622752428 0 
 16 9 1.0314743968770117 1 0 -1 0 
 4 3 1.0314743968770117 1 2 0.6978004686642789 0 
 15 6 1.0314743968770117 1 0 -1 0 
 19 7 1.0314743968770117 1 3 0.9580715876351124 0 
 5 2 1.033179900799195 1 5 0 1 
 19 7 1.033179900799195 1 2 0.037668710532802054 0 
 16 1 1.033179900799195 1 1 2.549228789145071 0 
 8 20 1.033179900799195 1 2 0.0331765930803182 0 
 17 4 1.033179900799195 1 3 0.6826199723167967 0 
 14 10 1.033179900799195 1 1 0.42453715280290516 0 
 1 11 1.033179900799195 1 1 1.6317814048004526 0 
 16 2 1.033179900799195 1 1 0.42609135012542976 0 
 8 19 1.033179900799195 1 0 -1 0 
 4 15 1.033179900799195 1 0 -1 0 
 16 9 1.033179900799195 1 0 -1 0 
 15 6 1.033179900799195 1 0 -1 0 
 8 3 1.033179900799195 1 2 0.273979471914282 0 
 16 13 1.033179900799195 1 0 -1 0 
 7 18 1.033179900799195 1 2 0.3535855819833175 0 
 4 6 1.033179900799195 1 0 -1 0 
 13 9 1.033179900799195 1 0 -1 0 
 12 13 1.033179900799195 1 1 0.09034136065046827 0 
 3 7 1.033179900799195 1 2 0.5571465134612684 0 
 4 3 1.033179900799195 1 1 0.06596960904528465 0 
 10 11 1.033179900799195 1 1 2.1709439663547565 0 
 5 4 1.033179900799195 1 0 -1 0 
 4 7 1.033179900799195 1 3 0.310362211486338 0 
 8 20 1.0663564938795134 1 2 0 1 
 8 19 1.0663564938795134 1 0 -1 0 
 3 7 1.0663564938795134 1 0 -1 0 
 7 18 1.0663564938795134 1 1 2.914214015517275 0 
 4 6 1.0663564938795134 1 0 -1 0 
 1 11 1.0663564938795134 1 0 -1 0 
 16 9 1.0663564938795134 1 0 -1 0 
 4 15 1.0663564938795134 1 1 0.8491651075095817 0 
 4 3 1.0663564938795134 1 1 4.697225436518791 0 
 4 7 1.0663564938795134 1 2 0.26294361964785645 0 
 16 1 1.0663564938795134 1 0 -1 0 
 8 3 1.0663564938795134 1 0 -1 0 
 19 7 1.0663564938795134 1 2 0.7639693174414707 0 
 12 13 1.0663564938795134 1 0 -1 0 
 5 4 1.0663564938795134 1 0 -1 0 
 16 2 1.0663564938795134 1 1 0.05245469514089267 0 
 10 11 1.0663564938795134 1 0 -1 0 
 13 9 1.0663564938795134 1 0 -1 0 
 17 4 1.0663564938795134 1 3 0.3779540473224217 0 
 15 6 1.0663564938795134 1 0 -1 0 
 14 10 1.0663564938795134 1 2 0.2494744194521447 0 
 16 13 1.0663564938795134 1 1 0.2614742218371019 0 
 16 2 1.118811189020406 1 1 0 1 
 13 9 1.118811189020406 1 0 -1 0 
 15 6 1.118811189020406 1 0 -1 0 
 4 6 1.118811189020406 1 0 -1 0 
 19 7 1.118811189020406 1 2 0.0062713460506075795 0 
 8 3 1.118811189020406 1 0 -1 0 
 4 7 1.118811189020406 1 2 0.31902966501893504 0 
 14 10 1.118811189020406 1 2 0.428489523561875 0 
 10 11 1.118811189020406 1 0 -1 0 
 5 4 1.118811189020406 1 0 -1 0 
 16 1 1.118811189020406 1 0 -1 0 
 7 18 1.118811189020406 1 1 0.0919918807808137 0 
 8 19 1.118811189020406 1 0 -1 0 
 17 4 1.118811189020406 1 3 0.3159615987134922 0 
 16 9 1.118811189020406 1 0 -1 0 
 1 11 1.118811189020406 1 0 -1 0 
 12 13 1.118811189020406 1 1 0.29096109330577247 0 
 4 3 1.118811189020406 1 1 0.4063734498410108 0 
 4 15 1.118811189020406 1 1 0.42503887911964267 0 
 3 7 1.118811189020406 1 2 0.59089382200939 0 
 16 13 1.118811189020406 1 0 -1 0 
 19 7 1.1250825350710136 1 2 0 1 
 8 3 1.1250825350710136 1 2 1.174958299660431 0 
 7 18 1.1250825350710136 1 2 0.1166153837031306 0 
 17 4 1.1250825350710136 1 3 0.17589455782995542 0 
 16 1 1.1250825350710136 1 2 0.4697290399653005 0 
 8 19 1.1250825350710136 1 2 0.2905354682359088 0 
 4 15 1.1250825350710136 1 1 0.5827688049161681 0 
 4 3 1.1250825350710136 1 2 0.6806995447479238 0 
 16 13 1.1250825350710136 1 2 0.41065805965473406 0 
 16 9 1.1250825350710136 1 0 -1 0 
 4 6 1.1250825350710136 1 0 -1 0 
 12 13 1.1250825350710136 1 1 1.4214375820006502 0 
 14 10 1.1250825350710136 1 2 0.3571684647167609 0 
 1 11 1.1250825350710136 1 2 0.1824794977800006 0 
 10 11 1.1250825350710136 1 2 0.7733633040650648 0 
 15 6 1.1250825350710136 1 0 -1 0 
 5 4 1.1250825350710136 1 0 -1 0 
 13 9 1.1250825350710136 1 0 -1 0 
 4 7 1.1250825350710136 1 0 -1 0 
 3 7 1.1250825350710136 1 1 1.1863079784102641 0 
 7 18 1.2416979187741441 1 2 0 1 
 8 3 1.2416979187741441 1 2 0.5721763537164428 0 
 16 13 1.2416979187741441 1 2 1.1701665477408711 0 
 14 10 1.2416979187741441 1 2 0.10963131688283217 0 
 10 11 1.2416979187741441 1 2 2.543220473881684 0 
 4 6 1.2416979187741441 1 0 -1 0 
 16 1 1.2416979187741441 1 2 0.5908144688585049 0 
 5 4 1.2416979187741441 1 0 -1 0 
 4 7 1.2416979187741441 1 0 -1 0 
 3 7 1.2416979187741441 1 0 -1 0 
 4 15 1.2416979187741441 1 1 0.6242014164776162 0 
 12 13 1.2416979187741441 1 1 0.018597576162818028 0 
 8 19 1.2416979187741441 1 2 0.024832328762492053 0 
 16 9 1.2416979187741441 1 0 -1 0 
 4 3 1.2416979187741441 1 3 0.2036028038367744 0 
 13 9 1.2416979187741441 1 0 -1 0 
 15 6 1.2416979187741441 1 0 -1 0 
 1 11 1.2416979187741441 1 2 0.4362482818070945 0 
 17 4 1.2416979187741441 1 3 0.36943395359701675 0 
 12 13 1.2602954949369622 1 1 0 1 
 17 4 1.2602954949369622 1 3 0.09619858833137708 0 
 4 15 1.2602954949369622 1 1 0.10667790578636148 0 
 3 7 1.2602954949369622 1 0 -1 0 
 4 6 1.2602954949369622 1 0 -1 0 
 16 1 1.2602954949369622 1 0 -1 0 
 4 3 1.2602954949369622 1 2 0.905195026199051 0 
 1 11 1.2602954949369622 1 0 -1 0 
 14 10 1.2602954949369622 1 2 0.1011591165253834 0 
 13 9 1.2602954949369622 1 0 -1 0 
 10 11 1.2602954949369622 1 0 -1 0 
 8 19 1.2602954949369622 1 2 1.2467569114481227 0 
 16 9 1.2602954949369622 1 0 -1 0 
 5 4 1.2602954949369622 1 0 -1 0 
 4 7 1.2602954949369622 1 1 1.1257914807266767 0 
 15 6 1.2602954949369622 1 0 -1 0 
 8 3 1.2602954949369622 1 2 0.7680306325717008 0 
 16 13 1.2602954949369622 1 0 -1 0 
 17 4 1.3564940832683394 1 3 0 1 
 16 9 1.3564940832683394 1 0 -1 0 
 3 7 1.3564940832683394 1 0 -1 0 
 5 4 1.3564940832683394 1 0 -1 0 
 1 11 1.3564940832683394 1 0 -1 0 
 8 19 1.3564940832683394 1 0 -1 0 
 13 9 1.3564940832683394 1 0 -1 0 
 16 13 1.3564940832683394 1 0 -1 0 
 4 3 1.3564940832683394 1 1 1.6687941810429983 0 
 4 7 1.3564940832683394 1 0 -1 0 
 14 10 1.3564940832683394 1 2 0.338224449068619 0 
 4 6 1.3564940832683394 1 0 -1 0 
 4 15 1.3564940832683394 1 0 -1 0 
 8 3 1.3564940832683394 1 0 -1 0 
 16 1 1.3564940832683394 1 0 -1 0 
 10 11 1.3564940832683394 1 0 -1 0 
 15 6 1.3564940832683394 1 0 -1 0 
 14 10 1.6947185323369585 1 2 0 1 
 16 13 1.6947185323369585 1 0 -1 0 
 16 9 1.6947185323369585 1 0 -1 0 
 16 1 1.6947185323369585 1 0 -1 0 
 8 19 1.6947185323369585 1 1 0.33977493694832783 0 
 5 4 1.6947185323369585 1 0 -1 0 
 15 6 1.6947185323369585 1 0 -1 0 
 3 7 1.6947185323369585 1 0 -1 0 
 13 9 1.6947185323369585 1 0 -1 0 
 4 15 1.6947185323369585 1 0 -1 0 
 4 7 1.6947185323369585 1 0 -1 0 
 4 6 1.6947185323369585 1 0 -1 0 
 4 3 1.6947185323369585 1 1 0.24169642674150868 0 
 1 11 1.6947185323369585 1 0 -1 0 
 10 11 1.6947185323369585 1 0 -1 0 
 8 3 1.6947185323369585 1 1 0.5375442041179452 0 
 4 3 1.9364149590784672 1 1 0 1 
 15 6 1.9364149590784672 1 0 -1 0 
 10 11 1.9364149590784672 1 0 -1 0 
 1 11 1.9364149590784672 1 0 -1 0 
 16 9 1.9364149590784672 1 0 -1 0 
 8 3 1.9364149590784672 1 0 -1 0 
 13 9 1.9364149590784672 1 0 -1 0 
 4 15 1.9364149590784672 1 1 0.47152831793181194 0 
 5 4 1.9364149590784672 1 0 -1 0 
 16 13 1.9364149590784672 1 0 -1 0 
 8 19 1.9364149590784672 1 0 -1 0 
 4 7 1.9364149590784672 1 0 -1 0 
 16 1 1.9364149590784672 1 0 -1 0 
 4 6 1.9364149590784672 1 0 -1 0 
 3 7 1.9364149590784672 1 0 -1 0 
 4 15 2.407943277010279 1 1 0 1 
 3 7 2.407943277010279 1 1 0.0163014106633345 0 
 5 4 2.407943277010279 1 0 -1 0 
 16 13 2.407943277010279 1 0 -1 0 
 4 7 2.407943277010279 1 1 3.671641111309232 0 
 16 9 2.407943277010279 1 0 -1 0 
 10 11 2.407943277010279 1 0 -1 0 
 8 19 2.407943277010279 1 1 1.0244099993193765 0 
 13 9 2.407943277010279 1 0 -1 0 
 1 11 2.407943277010279 1 0 -1 0 
 8 3 2.407943277010279 1 1 1.2084170440800446 0 
 16 1 2.407943277010279 1 0 -1 0 
 4 6 2.407943277010279 1 0 -1 0 
 15 6 2.407943277010279 1 0 -1 0 
 3 7 2.4242446876736135 1 1 0 1 
 10 11 2.4242446876736135 1 0 -1 0 
 16 9 2.4242446876736135 1 0 -1 0 
 15 6 2.4242446876736135 1 1 1.6700534513869831 0 
 8 3 2.4242446876736135 1 0 -1 0 
 8 19 2.4242446876736135 1 0 -1 0 
 1 11 2.4242446876736135 1 0 -1 0 
 16 13 2.4242446876736135 1 0 -1 0 
 16 1 2.4242446876736135 1 0 -1 0 
 4 7 2.4242446876736135 1 0 -1 0 
 5 4 2.4242446876736135 1 0 -1 0 
 4 6 2.4242446876736135 1 1 0.5855314596054045 0 
 13 9 2.4242446876736135 1 0 -1 0 
 4 6 3.009776147279018 1 1 0 1 
 15 6 3.009776147279018 1 0 -1 0 
 4 7 3.009776147279018 1 1 0.06527430943881725 0 
 1 11 3.009776147279018 1 0 -1 0 
 16 13 3.009776147279018 1 0 -1 0 
 16 9 3.009776147279018 1 0 -1 0 
 16 1 3.009776147279018 1 0 -1 0 
 13 9 3.009776147279018 1 0 -1 0 
 8 19 3.009776147279018 1 0 -1 0 
 8 3 3.009776147279018 1 0 -1 0 
 10 11 3.009776147279018 1 0 -1 0 
 5 4 3.009776147279018 1 0 -1 0 
 4 7 3.075050456717835 1 1 0 1 
 10 11 3.075050456717835 1 0 -1 0 
 15 6 3.075050456717835 1 0 -1 0 
 16 9 3.075050456717835 1 0 -1 0 
 8 19 3.075050456717835 1 0 -1 0 
 16 1 3.075050456717835 1 0 -1 0 
 1 11 3.075050456717835 1 0 -1 0 
 5 4 3.075050456717835 1 0 -1 0 
 8 3 3.075050456717835 1 0 -1 0 
 13 9 3.075050456717835 1 0 -1 0 
 16 13 3.075050456717835 1 0 -1 0 
